# Speeches made by Presidents in national capacity

national_capacity_2020 <- c(
'UNSC_2020_SPV.8699_spch005.txt',
'UNSC_2020_SPV.8700_spch019.txt',
'UNSC_2020_SPV.8702_spch018.txt',
'UNSC_2020_SPV.8703_spch016.txt',
'UNSC_2020_SPV.8704_spch020.txt',
'UNSC_2020_SPV.8706_spch024.txt',
'UNSC_2020_SPV.8707_spch017.txt',
'UNSC_2020_SPV.8708_spch018.txt',
'UNSC_2020_SPV.8710_spch020.txt',
'UNSC_2020_SPV.8711_spch018.txt',
'UNSC_2020_SPV.8712_spch015.txt',
'UNSC_2020_SPV.8713_spch022.txt',
'UNSC_2020_SPV.8714_spch018.txt',
'UNSC_2020_SPV.8715_spch019.txt',
'UNSC_2020_SPV.8716_spch022.txt',
'UNSC_2020_SPV.8717_spch024.txt',
'UNSC_2020_SPV.8723_spch007.txt',
'UNSC_2020_SPV.8724_spch020.txt',
'UNSC_2020_SPV.8725_spch022.txt',
'UNSC_2020_SPV.8726_spch022.txt',
'UNSC_2020_SPV.8727_spch020.txt',
'UNSC_2020_SPV.8729_spch020.txt',
'UNSC_2020_SPV.8731_spch019.txt',
'UNSC_2020_SPV.8732_spch010.txt',
'UNSC_2020_SPV.8733_spch020.txt',
'UNSC_2020_SPV.8734_spch005.txt',
'UNSC_2020_SPV.8735_spch001.txt', #UN
'UNSC_2020_SPV.8738_spch019.txt',
'UNSC_2020_SPV.8739_spch019.txt',
'UNSC_2020_SPV.8741_spch020.txt',
'UNSC_2020_SPV.8742_spch016.txt',
'UNSC_2020_SPV.8743_spch007.txt',
'UNSC_2020_SPV.8745_spch021.txt',
'UNSC_2020_SPV.8749_spch017.txt',
'UNSC_2020_SPV.8753_spch024.txt',
'UNSC_2020_SPV.8754_spch019.txt',
'UNSC_2020_SPV.8755_spch018.txt',
'UNSC_2020_SPV.8756_spch011.txt',
'UNSC_2020_SPV.8757_spch020.txt',
'UNSC_2020_SPV.8762_spch018.txt',
'UNSC_2020_SPV.8764_spch026.txt',
'UNSC_2020_SPV.8765_spch016.txt',
'UNSC_2020_SPV.8767_spch014.txt',
'UNSC_2020_SPV.8768_spch007.txt',
'UNSC_2020_SPV.8770_spch020.txt',
'UNSC_2020_SPV.8771_spch019.txt',
'UNSC_2020_SPV.8772_spch016.txt',
'UNSC_2020_SPV.8778_spch016.txt')




